kem chocolate,k1_2,2,20000,k001,25 5 2022,25 11 2022,30 5 2022,1 8 2022
kem oc que,k2,2,10000,k001,15 4 2022, 15 10 2022,20 4 2022, 5 5 2022
kem sua,k1,2,30000,k001,25 5 2022,25 11 2022,29 5 2023,5 8 2025
sua tuoi,s1,1,35000,k001,1 6 2022,1 7 2022,2 6 2022,15 6 2022
sua hop,s2,1,15000,k001,1 1 2023,1 1 2025,1 2 2022,15 9 2025
sua bot,s3,1,55000,k001,25 9 2021,25 9 2022,1 10 2021,10 5 2022
sua ong tho,s2,2,16000,k001,12 2 2021,12 2 2023,20 2 2021,19 10 2022
sua dau nanh,s2,2,10000,k001,1 1 2022,1 1 2023,3 2 2022,10 9 2022
banh quy shocolate,b1,2,20000,k001,25 3 2021,25 3 2023,1 4 2021,1 6 2019
banh quy sua,b1,2,25000,k001,25 3 2021,25 3 2023,1 4 2021,1 5 2022
banh dau xanh,b2,2,10000,k001,25 3 2021,25 3 2023,1 6 2021,10 7 2020
banh bong lan,b3,1,10000,k001,25 2 2022,25 8 2022,30 2 2022,1 6 2021